%YAML:1.0
---
body_T_cam0: !!opencv-matrix
   rows: 4
   cols: 4
   dt: d
   data: [ 0., 0., 1., 6.4000000000000001e-02, -1., 0., 0.,
       3.2500000000000001e-02, 0., -1., 0., 1.3200000000000001e-01, 0.,
       0., 0., 1. ]
body_T_cam1: !!opencv-matrix
   rows: 4
   cols: 4
   dt: d
   data: [ 0., 0., 1., 6.4000000000000001e-02, -1., 0., 0.,
       -3.2500000000000001e-02, 0., -1., 0., 1.3200000000000001e-01, 0.,
       0., 0., 1. ]
