%YAML:1.0
---
body_T_cam0: !!opencv-matrix
   rows: 4
   cols: 4
   dt: d
   data: [ 0., 0., 1., 3.2000000000000001e-02, -1., 0., 0.,
       1.7500000000000002e-02, 0., -1., 0., 1.4449999999999999e-01, 0.,
       0., 0., 1. ]
